
---------- Cluster 0 ---------- 
Population: 2.2173 
Probable Vector: [15.0, 15.0, 15.0, 15.0, 15.0, 4.0, 4.0, 15.0, 15.0, 15.0, 15.0, 4.0] 
Possible Frames for the Representative Structure:
 [209.0, 210.0, 254.0] 

---------- Cluster 1 ---------- 
Population: 8.204 
Probable Vector: [4.0, 4.0, 15.0, 15.0, 15.0, 15.0, 15.0, 15.0, 15.0, 4.0, 4.0, 4.0] 
Possible Frames for the Representative Structure:
 [537.0, 538.0, 539.0, 1333.0, 1334.0, 1335.0, 1336.0] 

---------- Cluster 2 ---------- 
Population: 11.2343 
Probable Vector: [4.0, 15.0, 15.0, 15.0, 4.0, 4.0, 4.0, 4.0, 4.0, 4.0, 4.0, 4.0] 
Possible Frames for the Representative Structure:
 [2.0, 45.0, 46.0, 50.0, 51.0, 68.0, 69.0, 262.0, 426.0, 446.0, 455.0, 858.0, 862.0, 864.0, 1014.0, 1016.0, 1042.0, 1076.0, 1077.0, 1084.0, 1085.0, 1086.0, 1093.0, 1094.0, 1098.0, 1099.0, 1109.0, 1110.0, 1117.0, 1118.0, 1120.0, 1165.0, 1174.0, 1175.0, 1180.0, 1181.0, 1263.0, 1266.0, 1269.0, 1282.0, 1285.0, 1294.0, 1317.0, 1318.0, 1319.0] 

---------- Cluster 3 ---------- 
Population: 7.6127 
Probable Vector: [4.0, 15.0, 15.0, 15.0, 15.0, 4.0, 4.0, 15.0, 15.0, 15.0, 15.0, 4.0] 
Possible Frames for the Representative Structure:
 [30.0, 245.0, 246.0] 

---------- Cluster 4 ---------- 
Population: 9.3865 
Probable Vector: [4.0, 4.0, 4.0, 4.0, 4.0, 4.0, 4.0, 15.0, 15.0, 15.0, 15.0, 4.0] 
Possible Frames for the Representative Structure:
 [1.0, 139.0, 140.0, 177.0, 189.0, 191.0, 266.0, 319.0, 368.0, 396.0, 399.0, 651.0, 655.0, 1134.0, 1137.0, 1164.0, 1217.0] 

---------- Cluster 5 ---------- 
Population: 2.5129 
Probable Vector: [15.0, 10.0, 10.0, 10.0, 10.0, 15.0, 15.0, 15.0, 15.0, 4.0, 4.0, 4.0] 
Possible Frames for the Representative Structure:
 [] 

---------- Cluster 6 ---------- 
Population: 7.2432 
Probable Vector: [4.0, 4.0, 4.0, 4.0, 15.0, 15.0, 15.0, 15.0, 15.0, 15.0, 15.0, 4.0] 
Possible Frames for the Representative Structure:
 [875.0, 915.0, 922.0, 937.0] 

---------- Cluster 7 ---------- 
Population: 7.5388 
Probable Vector: [4.0, 4.0, 4.0, 4.0, 4.0, 15.0, 15.0, 15.0, 15.0, 4.0, 4.0, 4.0] 
Possible Frames for the Representative Structure:
 [13.0, 535.0, 615.0, 823.0, 830.0, 856.0, 859.0, 866.0, 867.0, 868.0, 869.0, 882.0, 884.0, 885.0, 892.0, 899.0, 911.0, 1144.0, 1160.0, 1161.0, 1308.0, 1325.0, 1327.0] 

---------- Cluster 8 ---------- 
Population: 9.6083 
Probable Vector: [4.0, 4.0, 15.0, 15.0, 15.0, 15.0, 4.0, 4.0, 4.0, 4.0, 4.0, 4.0] 
Possible Frames for the Representative Structure:
 [352.0, 444.0, 449.0, 452.0, 483.0, 546.0, 576.0, 580.0, 581.0, 600.0, 616.0, 627.0, 641.0, 642.0, 643.0, 761.0] 

---------- Cluster 9 ---------- 
Population: 1.626 
Probable Vector: [15.0, 15.0, 15.0, 15.0, 15.0, 15.0, 4.0, 4.0, 4.0, 4.0, 4.0, 4.0] 
Possible Frames for the Representative Structure:
 [364.0, 365.0, 407.0, 412.0, 424.0, 425.0, 428.0, 432.0, 589.0, 590.0, 1066.0, 1071.0] 

---------- Cluster 10 ---------- 
Population: 1.4043 
Probable Vector: [15.0, 15.0, 15.0, 15.0, 4.0, 15.0, 15.0, 15.0, 15.0, 15.0, 15.0, 4.0] 
Possible Frames for the Representative Structure:
 [924.0, 929.0, 930.0, 932.0, 941.0, 953.0, 954.0] 

---------- Cluster 11 ---------- 
Population: 31.4117 
Probable Vector: [4.0, 4.0, 4.0, 4.0, 4.0, 4.0, 4.0, 4.0, 4.0, 4.0, 4.0, 4.0] 
Possible Frames for the Representative Structure:
 [0.0, 3.0, 10.0, 11.0, 12.0, 14.0, 19.0, 20.0, 22.0, 24.0, 31.0, 43.0, 53.0, 54.0, 55.0, 66.0, 70.0, 71.0, 74.0, 87.0, 97.0, 105.0, 113.0, 125.0, 130.0, 157.0, 159.0, 182.0, 184.0, 186.0, 197.0, 200.0, 206.0, 212.0, 214.0, 215.0, 216.0, 219.0, 223.0, 227.0, 228.0, 241.0, 255.0, 263.0, 268.0, 269.0, 280.0, 294.0, 298.0, 301.0, 302.0, 303.0, 310.0, 317.0, 318.0, 329.0, 340.0, 343.0, 355.0, 356.0, 401.0, 403.0, 409.0, 413.0, 415.0, 442.0, 453.0, 465.0, 466.0, 469.0, 476.0, 477.0, 521.0, 533.0, 536.0, 541.0, 542.0, 544.0, 554.0, 555.0, 563.0, 569.0, 570.0, 577.0, 592.0, 596.0, 597.0, 601.0, 602.0, 611.0, 620.0, 621.0, 622.0, 624.0, 625.0, 626.0, 637.0, 648.0, 650.0, 652.0, 657.0, 658.0, 659.0, 661.0, 662.0, 669.0, 670.0, 672.0, 697.0, 699.0, 702.0, 707.0, 710.0, 727.0, 732.0, 753.0, 770.0, 787.0, 831.0, 906.0, 914.0, 916.0, 933.0, 947.0, 1015.0, 1018.0, 1025.0, 1026.0, 1027.0, 1028.0, 1090.0, 1092.0, 1141.0, 1149.0, 1151.0, 1153.0, 1209.0, 1221.0, 1233.0, 1236.0, 1248.0, 1254.0, 1255.0, 1256.0, 1261.0, 1271.0, 1273.0, 1274.0, 1277.0, 1278.0, 1296.0] 
